¹        | value | alter |
--------------------------
0	 | 0	 | 0	 | 
--------------------------
1	 | 1000	 | 102	 | 
--------------------------
11	 | 10	 | 103	 | 
--------------------------
21	 | 20	 | 101	 | 
--------------------------
31	 | 30	 | 105	 | 
--------------------------
41	 | 40	 | 106	 | 
--------------------------
51	 | 50	 | 107	 | 
--------------------------
61	 | 60	 | 109	 | 
--------------------------
71	 | 70	 | 110	 | 
--------------------------
81	 | 80	 | 111	 | 
--------------------------
91	 | 90	 | 112	 | 
==========================
101	 | 220	 | 104	 | 
--------------------------
102	 | 100	 | 108	 | 
--------------------------
103	 | 110	 | 114	 | 
--------------------------
104	 | 120	 | 120	 | 
--------------------------
105	 | 130	 | 115	 | 
--------------------------
106	 | 140	 | 122	 | 
--------------------------
107	 | 150	 | 123	 | 
--------------------------
108	 | 2000	 | 113	 | 
--------------------------
109	 | 160	 | 119	 | 
--------------------------
110	 | 170	 | 125	 | 
--------------------------
111	 | 180	 | 117	 | 
--------------------------
112	 | 190	 | 126	 | 
--------------------------
113	 | 200	 | 116	 | 
--------------------------
114	 | 210	 | 118	 | 
--------------------------
115	 | 230	 | 121	 | 
--------------------------
116	 | 900	 | 127	 | 
--------------------------
117	 | 1080	 | 143	 | 
--------------------------
118	 | 1010	 | 128	 | 
--------------------------
119	 | 1060	 | 124	 | 
--------------------------
120	 | 1020	 | 129	 | 
--------------------------
121	 | 1030	 | 130	 | 
--------------------------
122	 | 1040	 | 131	 | 
--------------------------
123	 | 1050	 | 132	 | 
--------------------------
124	 | 1160	 | 140	 | 
--------------------------
125	 | 1070	 | 133	 | 
--------------------------
126	 | 1090	 | 134	 | 
--------------------------
127	 | 1100	 | 141	 | 
--------------------------
128	 | 1110	 | 135	 | 
--------------------------
129	 | 1120	 | 136	 | 
--------------------------
130	 | 1130	 | 137	 | 
--------------------------
131	 | 1140	 | 138	 | 
--------------------------
132	 | 1150	 | 139	 | 
--------------------------
133	 | 1170	 | 142	 | 
--------------------------
134	 | 1990	 | 144	 | 
--------------------------
135	 | 2010	 | 145	 | 
--------------------------
136	 | 2020	 | 0	 | 
--------------------------
137	 | 2030	 | 0	 | 
--------------------------
138	 | 2040	 | 0	 | 
--------------------------
139	 | 2050	 | 0	 | 
--------------------------
140	 | 2060	 | 0	 | 
--------------------------
141	 | 2100	 | 0	 | 
--------------------------
142	 | 2070	 | 0	 | 
--------------------------
143	 | 2080	 | 0	 | 
--------------------------
144	 | 2090	 | 0	 | 
--------------------------
145	 | 2110	 | 0	 | 
--------------------------
