 2  11  -1  -1  -1  -1
 2  21  -1  -1  -1  -1
 2  31  -1  -1  -1  -1
 2  41  -1  -1  -1  -1
 2  51  -1  -1  -1  -1
 5   1  -1  -1  -1  -1
 2  61  -1  -1  -1  -1
 2  71  -1  -1  -1  -1
 2  81  -1  -1  -1  -1
 2  91  -1  -1  -1  -1
 5   1  -1  -1  -1  -1
 2   1  -1  -1  -1  -1
 2  11  -1  -1  -1  -1
 2  21  -1  -1  -1  -1
 2  31  -1  -1  -1  -1
 2  41  -1  -1  -1  -1
 2  51  -1  -1  -1  -1
 5   1  -1  -1  -1  -1
 2  61  -1  -1  -1  -1
 2  71  -1  -1  -1  -1
 2  81  -1  -1  -1  -1
 2  91  -1  -1  -1  -1
 5   1  -1  -1  -1  -1
 2   1  -1  -1  -1  -1
 2  11  -1  -1  -1  -1
 4  81  -1  -1  -1  -1
 2  21  -1  -1  -1  -1
 2  31  -1  -1  -1  -1
 2   1  -1  -1  -1  -1
 2   1  -1  -1  -1  -1
 2  11  -1  -1  -1  -1
 2  21  -1  -1  -1  -1
 2  31  -1  -1  -1  -1
 2  41  -1  -1  -1  -1
 2  51  -1  -1  -1  -1
 2  61  -1  -1  -1  -1
 2  71  -1  -1  -1  -1
 2  81  -1  -1  -1  -1
 2  91  -1  -1  -1  -1
 2   1  -1  -1  -1  -1
 2  11  -1  -1  -1  -1
 2  21  -1  -1  -1  -1
 2  31  -1  -1  -1  -1
11   9  -1 701  -1  -1
 4 256  -1  -1  -1  -1
 9 257  -1  -1  -1  -1
 2  41  -1  -1  -1  -1
 2  51  -1  -1  -1  -1
 4  71  -1  -1  -1  -1
 2  61  -1  -1  -1  -1
 2  71  -1  -1  -1  -1
 6  -1  -1  -1  -1  -1
 2  91  -1  -1  -1  -1
 2   1  -1  -1  -1  -1
 2  11  -1  -1  -1  -1
 2  21  -1  -1  -1  -1
 2  31  -1  -1  -1  -1
 2  41  -1  -1  -1  -1
 2  51  -1  -1  -1  -1
 2  61  -1  -1  -1  -1
 2  71  -1  -1  -1  -1
 2  81  -1  -1  -1  -1
11   9  -1 703  -1  -1
 4 258  -1  -1  -1  -1
 9 259  -1  -1  -1  -1
 2  91  -1  -1  -1  -1
 6  -1  -1  -1  -1  -1
 2   1  -1  -1  -1  -1
 2  11  -1  -1  -1  -1
 4  71  -1  -1  -1  -1